#filter: (1)
#hg38.knownGene.name	hg38.knownGene.chrom	hg38.knownGene.exonStarts	hg38.knownGene.exonEnds	hg38.kgXref.geneSymbol
ENST00000263187.3	chr1	75796881,75803730,75806980,75810696,75815020,75816372,75822408,75848208,75867513,75876935,75878148,75878991,75880049,75881245,75883620,75889250,75890695,75897906,75899617,75912695,	75797229,75803913,75807141,75810807,75815136,75816546,75822581,75848276,75867588,75877000,75878318,75879128,75880153,75881370,75883821,75889369,75890824,75898081,75899706,75913238,	MSH4
ENST00000361824.6	chr1	150698252,150700111,150703309,150704117,150704276,150706552,150708255,150708893,150711544,150711832,150714084,150714614,150717137,150719472,150720803,	150698734,150700183,150703393,150704194,150704343,150706809,150708407,150708961,150711571,150711853,150714121,150714678,150717282,150719538,150720876,	HORMAD1
ENST00000369522.7	chr1	114854802,114855440,114856572,114857231,114857443,114858546,114859742,114860735,114874505,114876068,114876736,114878093,114885534,114886124,114887625,114895447,114910396,114911478,114913032,114913974,114923448,114926277,114926500,114944338,114944871,114946288,114947245,114977556,114981335,114984724,114994697,114994881,	114855018,114855572,114856657,114857275,114857497,114858711,114859810,114860809,114874564,114876138,114876810,114878202,114885629,114886309,114887693,114895509,114910501,114911582,114913150,114914045,114923530,114926340,114926563,114944455,114944982,114946381,114947320,114977616,114981512,114984868,114994787,114995370,	SYCP1
ENST00000391828.7	chr1	247416155,247418228,247418756,247423229,247423846,247429584,247434102,247435969,247443971,247444650,247448404,	247416193,247418290,247419077,247423349,247425599,247429755,247434273,247436140,247444142,247444821,247449108,	NLRP3
ENST00000233242.5	chr2	21001428,21004268,21004560,21005079,21013159,21014447,21015072,21015369,21016438,21018991,21019722,21022830,21023524,21024932,21026787,21027827,21028326,21029638,21029897,21032353,21033298,21034815,21035583,21037099,21037957,21040937,21042360,21043512,21043863,	21003334,21004452,21004675,21012651,21013533,21014593,21015260,21015545,21016649,21019113,21019905,21023042,21023692,21025124,21026964,21028065,21028538,21029785,21030015,21032581,21033518,21034901,21035708,21037255,21038111,21041083,21042476,21043551,21044073,	APOB
ENST00000290536.9	chr2	74557882,74559697,74560150,74562216,74575437,74576455,74581673,74607054,74614963,74640035,74647972,	74558874,74559709,74560291,74562423,74575579,74576618,74581847,74607223,74615149,74640327,74648037,	M1AP
ENST00000321801.11	chr2	197726878,197743060,197756427,197757352,197766531,197771854,197775664,197777058,197778974,197781721,197785982,	197728578,197743159,197756556,197757400,197766603,197771982,197775740,197777113,197779066,197781865,197786574,	BOLL
ENST00000335681.9	chr2	100820151,100904732,100925145,100932909,100937752,100948234,100949366,100964057,100964860,100965659,100968280,100970989,100974802,100975457,100977709,100982230,100988078,100990255,100990779,100993346,100995399,	100820414,100904786,100925294,100933001,100937842,100948355,100949480,100964176,100964943,100965766,100968428,100971074,100974944,100975567,100977799,100982377,100988276,100990446,100990872,100993527,100996829,	NPAS2
ENST00000406846.6	chr2	48962156,48968697,48982911,48983097,48988976,48990565,49017488,49020085,49068218,49154265,	48963966,48968883,48982986,48983166,48989054,48990637,49017563,49020160,49068290,49154537,	FSHR
ENST00000231790.6	chr3	36993331,36996618,37000954,37004400,37006990,37008813,37011819,37012010,37014431,37017505,37020309,37025636,37028783,37040185,37042267,37047518,37048516,37048903,37050485,	36993663,36996709,37001053,37004474,37007063,37008905,37011862,37012099,37014544,37017599,37020463,37026007,37028932,37040294,37042331,37047683,37048609,37049017,37050918,	MLH1
ENST00000321599.8	chr3	49724293,49728102,49732790,49738211,49747817,49786353,	49727655,49728278,49732972,49738422,49748168,49786527,	IP6K1
ENST00000347869.7	chr3	50088907,50090381,50092042,50093719,50099981,50100531,50103082,50104247,50105076,50105548,50106766,50107481,50108069,50108231,50109602,50110378,50110678,50113382,50113949,50114179,50115427,50115905,50117073,50117249,50118330,	50089029,50090451,50092208,50093875,50100051,50100605,50103166,50104308,50105142,50105709,50106864,50107569,50108147,50108304,50109688,50110463,50110770,50113544,50114099,50114251,50115607,50115980,50117171,50117379,50119021,	RBM5
ENST00000454457.1	chr3	16596749,16596987,16597489,16598086,16598451,16637884,16670277,	16596889,16597051,16597541,16598178,16598598,16638085,16670306,	DAZL
ENST00000488989.1	chr3	170437464,170454289,	170437620,170454733,	CLDN11
ENST00000248701.8	chr4	56809860,56811684,56820535,56821607,	56810184,56811794,56820579,56821742,	SPINK2
ENST00000270861.9	chr4	127880860,127881830,127883261,127883438,127885707,127887395,127889865,127891091,127891578,127892364,127893284,127893512,127893733,127894952,127896800,127898438,	127881164,127881926,127883357,127883553,127886728,127887496,127890236,127891196,127891681,127892514,127893418,127893604,127893881,127895093,127896907,127899195,	PLK4
ENST00000265007.10	chr5	157625678,157638229,157646636,157648656,157651111,	157626721,157638722,157646816,157648896,157652420,	SOX30
ENST00000265339.6	chr5	134371178,134374382,134376668,134380718,134388324,134390224,	134371639,134374463,134376694,134380808,134388413,134391992,	UBE2B
ENST00000296682.3	chr5	23507614,23508949,23509469,23509919,23517880,23521022,23522303,23522613,23523290,23524333,23526232,	23507712,23509102,23509593,23510027,23517930,23521179,23522405,23522885,23523358,23524527,23528597,	PRDM9
ENST00000316418.9	chr5	304175,343892,353729,376609,413343,422728,423840,427636,427806,432462,432805,433852,	304221,343964,353911,376716,413433,422858,423977,427690,428006,432524,432947,438291,	AHRR
ENST00000505374.5	chr5	55738023,55738949,55746163,55760199,55763174,55764013,55767880,55779963,55781065,55781933,55785296,55785446,55785728,55786517,55787845,55790575,55792640,55798425,55813672,55814900,55815312,55816462,	55738101,55739032,55746221,55760277,55763252,55764064,55767940,55780065,55781146,55781981,55785344,55785494,55785871,55786670,55788000,55790705,55792807,55798571,55813772,55815171,55815423,55817157,	DDX4
ENST00000368455.8	chr6	122399545,122412372,122412636,122413524,122416220,122419167,122420134,122422149,122422717,122423580,122427902,122431429,122431924,	122399830,122412481,122412764,122413649,122416296,122419229,122420222,122422298,122422957,122423686,122427956,122431514,122432966,	HSF2
ENST00000372899.5	chr6	42564061,42573733,42592150,42594190,42603587,42605720,42606588,42612170,42615070,42616001,42617239,42632551,42632804,42635417,42637010,42640208,42641581,42642415,42644213,42644472,42645465,42648117,42650283,42652022,42652490,42655620,42658023,42658239,42658645,42659655,42662183,42663257,42665408,42666166,42670091,42670659,42673790,42674125,42676055,42676782,42678538,42679723,42683054,42684793,42688215,42689568,42691031,	42564397,42573993,42592229,42594304,42603718,42605859,42606651,42612291,42615178,42616090,42617338,42632715,42632904,42635546,42637194,42640270,42641692,42642481,42644336,42644536,42645590,42648170,42650386,42652071,42652645,42655723,42658133,42658320,42658824,42659855,42662277,42663419,42665512,42666245,42670240,42670715,42673887,42674193,42676191,42676873,42678669,42679832,42683111,42684871,42688386,42689670,42693504,	UBR2
ENST00000375755.7	chr6	31739947,31740453,31741162,31742876,31743107,31743903,31744189,31744545,31745236,31747386,31753300,31753566,31758164,31758547,31758765,31759096,31759424,31759785,31760089,31760689,31761187,31761471,31761817,31762111,31762419,	31740220,31740613,31741286,31742957,31743170,31744025,31744299,31744581,31745319,31747432,31753439,31753629,31758293,31758620,31758875,31759177,31759512,31759975,31760216,31760839,31761262,31761615,31761955,31762185,31762834,	MSH5
ENST00000541107.5	chr6	96562547,96603601,96604749,96605901,96610571,96615608,	96562720,96603772,96604924,96606071,96610758,96616636,	FHL5
ENST00000544460.5	chr6	46687874,46695820,46701857,	46694174,46695945,46704319,	TDRD6
ENST00000602452.3	chr6	77650273,77690657,77761129,77828930,77923088,	77650707,77690903,77761665,77829062,77927028,	MEI4
ENST00000649132.1	chr6	121435576,121446831,	121435832,121449727,	GJA1
ENST00000252037.4	chr7	73328359,73328574,73329359,73330149,73331656,73340637,73341272,73342806,73358180,	73328485,73328692,73329449,73330352,73331776,73340832,73341382,73342899,73358625,	FKBP6
ENST00000265849.11	chr7	5973238,5977587,5978595,5982823,5986758,5989799,5991972,5995533,5997325,5999107,6002452,6003689,6003971,6005891,6008996,	5973542,5977757,5978696,5982991,5987620,5989955,5992057,5995633,5997423,5999275,6002636,6003792,6004058,6006031,6009125,	PMS2
ENST00000275764.3	chr7	135231978,135240518,135242780,135243325,135245302,135246416,135251795,135255113,135258417,	135232038,135240716,135242856,135243410,135245329,135246702,135251869,135255225,135258492,	STRA8
ENST00000297001.6	chr7	50096035,50104313,50129716,50134107,50136097,50140139,50141280,50151449,50159045,	50096638,50104411,50129793,50134246,50136165,50140181,50141388,50151557,50159830,	SPATA48
ENST00000426455.5	chr7	100177562,100180492,100182089,100182722,100186199,100188452,100188811,100189444,100195308,100197155,100197777,100198086,100198474,100198842,100199261,100199540,100200235,100200452,100200768,100201089,100201263,100201785,100201948,100202171,100202453,100204020,100204626,100205004,100205226,100211010,100211437,100211794,100213734,100214006,	100177905,100180672,100182192,100182839,100186296,100188529,100189016,100189596,100195382,100197279,100197876,100198166,100198582,100198957,100199367,100199644,100200328,100200542,100200969,100201160,100201351,100201866,100202041,100202340,100202590,100204122,100204775,100205133,100205384,100211185,100211539,100211876,100213806,100214380,	STAG3
ENST00000356766.10	chr8	22275296,22279340,22281119,22281376,22283033,22284161,22287527,22288541,22289846,22290232,22304020,22304783,22305926,22307932,22309960,22311111,22314327,22315028,22316244,22318169,22352958,22354270,22355348,	22275398,22279584,22281207,22281515,22283240,22284272,22287645,22288666,22289927,22290346,22304209,22304868,22306016,22308073,22310074,22311300,22314429,22315145,22316333,22318275,22353212,22354378,22357563,	PIWIL2
ENST00000522677.7	chr8	66562174,66566063,66566683,66566875,66572481,66573363,66576006,66580132,66592439,66593119,66595582,66597329,66599049,66601697,66602417,66612818,	66564825,66566243,66566788,66566992,66572596,66573506,66576375,66580366,66592544,66593194,66595757,66597550,66599142,66601769,66602523,66613249,	MYBL1
ENST00000638951.1	chr8	30831543,30836802,30839905,30842003,30858667,30859910,30867264,30874936,30887166,30888635,	30833323,30838061,30839964,30849316,30858830,30860057,30867502,30875102,30887311,30888706,	TEX15
ENST00000298466.9	chr9	135693406,135695049,135696611,135697505,135698328,135698994,135699402,	135694457,135695263,135696805,135697627,135698476,135699126,135699528,	SOHLH1
ENST00000382276.7	chr9	841689,846959,893911,916762,967984,	842192,847143,894195,916907,969090,	DMRT1
ENST00000354646.6	chrX	54192824,54201990,54228713,54232808,54236937,54238341,54238867,54248696,54249993,54251398,54251531,54253958,54255739,54259273,54292887,54293133,54294552,54298174,54301770,54307921,54309094,54311118,54333136,54357685,	54198653,54202193,54228743,54233020,54237551,54238472,54239099,54249634,54250131,54251450,54251687,54254075,54255887,54259338,54293037,54293327,54294847,54298394,54301859,54308079,54309315,54311291,54333792,54358005,	WNK3
ENST00000371388.4	chrX	120158560,120159014,120160357,120163457,	120158829,120159426,120160403,120165630,	RHOXF2
ENST00000372907.7	chrX	101268252,101275221,101275999,101276306,101277605,101278048,101278993,101281719,101282326,101283449,101286574,101287477,101292789,	101269237,101275281,101276112,101276528,101277719,101278121,101279035,101281775,101282453,101283583,101286653,101287545,101293057,	TAF7L
ENST00000374690.8	chrX	67544035,67643255,67686009,67711401,67717477,67721832,67722826,67723685,	67546762,67643407,67686126,67711689,67717622,67721963,67722984,67730619,	AR
ENST00000378970.4	chrX	30304205,30308195,	30304823,30309598,	NR0B1
ENST00000378982.3	chrX	30242051,	30244193,	MAGEB4
ENST00000395889.6	chrX	70528940,70529834,70552125,70553305,70554650,70591750,70605400,70606958,70609090,70610502,70623949,70624838,70629610,70651449,70670376,70678803,70682673,70722617,70725261,70740700,70744164,70806704,70833512,70853033,70853247,70860856,70873222,70879987,70897464,70907752,70908653,	70529187,70529999,70552246,70553414,70554800,70591823,70605517,70607029,70609177,70610543,70624006,70624924,70629735,70651552,70670514,70678889,70682825,70722696,70725343,70740796,70744219,70806790,70833593,70853153,70853328,70860936,70873307,70880109,70897586,70907810,70908711,	TEX11
ENST00000511190.5	chrX	133025025,133083706,133090112,133090717,133091352,133097029,	133028296,133083771,133090226,133090763,133091443,133097107,	USP26
ENST00000451548.5	chrY	9466954,9468093,9468299,9468512,9468764,9469538,	9467486,9468171,9468411,9468658,9468846,9469748,	TSPY1
ENST00000338981.7	chrY	12701230,12708633,12709387,12720588,12722107,12725112,12726574,12735611,12735997,12736410,12738156,12739524,12757191,12758505,12760483,12771067,12773582,12775470,12776648,12778018,12778605,12779525,12786202,12786521,12790406,12791498,12793031,12810178,12810671,12811634,12812829,12816123,12818419,12833687,12837910,12839863,12841009,12842239,12843063,12846332,12846932,12847238,12856339,12856632,12857565,12859278,	12702055,12708693,12709543,12720737,12722187,12725225,12726793,12735727,12736249,12736549,12738309,12739629,12757398,12758642,12760617,12771155,12773925,12775566,12776860,12778259,12778755,12779646,12786333,12786800,12790532,12791624,12793201,12810287,12810818,12811781,12813052,12816344,12818610,12833861,12838052,12840614,12841133,12842465,12843193,12846518,12847153,12847327,12856496,12856845,12857661,12860839,	USP9Y
ENST00000545955.5	chrY	13248378,13251016,13260277,13297706,13298956,13302876,13305398,13306037,13306185,13323554,13324600,13326220,13335562,13355002,13355922,13357876,13358463,13359087,13359766,13360429,13366266,13369255,13393858,13396917,13410992,13414734,13449016,13470120,13479253,13479513,	13249882,13251187,13260404,13297848,13299144,13302991,13305547,13306112,13306250,13323760,13324706,13326350,13336335,13355398,13356018,13357969,13358619,13359222,13359986,13360528,13366393,13369349,13393893,13396972,13411113,13414793,13449066,13470229,13479317,13480670,	UTY
ENST00000345491.7	chr10	35127459,35137781,35148367,35178888,35179133,35188199,35206894,35211655,	35127567,35137879,35148491,35178986,35179276,35188388,35207051,35212958,	CREM
ENST00000368517.7	chr10	133553900,133555350,133555596,133555779,133555980,133556758,133557066,133557863,133558166,133558876,133559300,133560090,133568187,	133554328,133555438,133555707,133555903,133556047,133556822,133557156,133557918,133558214,133558951,133559360,133560153,133568291,	SYCE1
ENST00000263576.10	chr11	125904362,125905211,125905552,125906073,125908195,125908400,125910363,125911310,125917013,125918627,125921190,125922819,	125904580,125905278,125905597,125906209,125908288,125908503,125910478,125911488,125917251,125918790,125921379,125928829,	DDX25
ENST00000278616.8	chr11	108222831,108227594,108227775,108229177,108235669,108243952,108244787,108246963,108248932,108250700,108251836,108252816,108253813,108256214,108257480,108258985,108267170,108268409,108271063,108271250,108272531,108272721,108279490,108280994,108282709,108284226,108287599,108288976,108289601,108292618,108293312,108294926,108297286,108299713,108301647,108302852,108304674,108307896,108310159,108312410,108315822,108316010,108317372,108319953,108321300,108325309,108326057,108327644,108329020,108330213,108331443,108331878,108332761,108333885,108334968,108335844,108343221,108345742,108347278,108353765,108354810,108365081,108365324,	108223186,108227696,108227888,108229323,108235834,108244118,108245026,108247127,108249102,108251072,108252031,108252912,108254039,108256340,108257606,108259075,108267342,108268609,108271146,108271406,108272607,108272852,108279608,108281168,108282879,108284473,108287715,108289103,108289801,108292793,108293477,108295059,108297382,108299885,108301789,108303029,108304852,108307984,108310315,108312498,108315911,108316113,108317521,108320058,108321420,108325544,108326225,108327758,108329238,108330421,108331557,108332037,108332900,108333968,108335109,108335961,108343371,108345908,108347365,108353880,108354874,108365218,108369099,	ATM
ENST00000299001.10	chr11	94567307,94568729,94574998,94577277,94583447,94585444,94587049,94589120,94593517,94595308,94597803,94601794,94603983,94607438,94608582,94616492,94617953,94619759,94619996,94620875,	94567605,94568808,94575130,94577492,94583569,94585525,94587247,94589232,94593641,94595426,94597915,94601979,94604056,94607639,94608686,94616563,94618107,94619885,94620144,94621421,	PIWIL4
ENST00000306904.6	chr11	7089026,	7090900,	RBMXL2
ENST00000530167.1	chr11	119093853,	119095467,	H2AFX
ENST00000228251.8	chr12	10699212,10701253,10701959,10704050,10709907,10713210,10715693,10718087,10719079,10722849,	10699654,10701353,10702134,10704148,10710114,10713333,10715783,10718121,10719143,10723312,	YBX3
ENST00000245255.7	chr12	130337886,130342579,130342989,130345752,130346369,130346940,130348102,130349238,130349855,130354536,130354887,130355552,130356917,130357480,130361179,130361497,130362765,130362990,130367132,130371175,130371481,	130338146,130342669,130343101,130345878,130346584,130347062,130348183,130349436,130349967,130354663,130355005,130355667,130357105,130357553,130361380,130361601,130362836,130363144,130367258,130371323,130372637,	PIWIL1
ENST00000392373.6	chr12	130790833,130795994,130798524,130801152,130801414,130806981,130808630,130812956,130821688,130827192,130839069,	130791977,130796120,130798635,130801290,130801488,130807090,130808704,130813031,130821788,130827267,130839194,	STX2
ENST00000392927.7	chr12	101728649,101729108,101731567,101733574,101734926,101737036,101737231,101737802,101739350,	101728980,101729213,101731666,101733674,101735044,101737071,101737298,101737948,101739469,	SYCP3
ENST00000432561.6	chr12	132840974,132843010,132844026,132847042,132848084,132848640,132851617,132853430,132856467,132857404,132859067,132861466,132869618,132870723,132872284,132877554,132887195,132887546,	132841596,132843083,132844134,132847130,132848155,132848724,132851737,132853573,132856630,132857559,132859227,132861634,132869834,132870783,132872394,132877654,132887340,132887608,	CHFR
ENST00000379881.7	chr13	36168207,36170530,36173691,36174475,36174721,36189945,36191794,36193620,36193805,36201878,36214478,	36169054,36170787,36173810,36174567,36174869,36190056,36191894,36193725,36193867,36202093,36214615,	SOHLH2
ENST00000521776.2	chr13	52024690,52028318,	52024937,52033600,	UTP14C
ENST00000250416.9	chr14	20343614,20344931,20345393,20346862,20350525,20351046,20352244,20354084,20354808,20355751,20355896,20356306,20356589,20357050,20357395,20357637,	20343687,20345126,20345464,20346913,20350622,20351122,20352347,20354247,20354947,20355815,20356031,20356434,20356689,20357149,20357520,20357904,	PARP2
ENST00000267430.9	chr14	45135946,45137068,45140631,45148836,45151396,45153919,45154696,45155372,45159095,45164358,45166949,45170588,45173054,45175070,45181429,45181636,45183773,45185216,45187780,45188801,45196171,45198643,45199869,	45136539,45137241,45140709,45148995,45151528,45154052,45154822,45155459,45159280,45164565,45167163,45170746,45173210,45176976,45181524,45181705,45183902,45185373,45187887,45189362,45196547,45198935,45200887,	FANCM
ENST00000355774.6	chr14	75013763,75018828,75022813,75022994,75030542,75032067,75033418,75038339,75039910,75041614,75042378,75046375,75051379,	75017201,75018980,75022892,75023018,75030702,75032179,75033490,75038412,75040015,75041700,75042477,75049718,75051532,	MLH3
ENST00000409874.8	chr14	103928461,103955663,103963078,103965332,103966708,103970540,103975388,103986216,103991159,103994331,103994518,103995749,103998623,104004237,104005273,104006388,104006645,104006781,104007159,104008412,104014724,104015980,104018091,104022156,104024568,104025563,104026046,104026678,104031107,104032016,104033959,104034959,104040195,104042068,104049607,104051980,	103928724,103955770,103963176,103965554,103966831,103970621,103975553,103986320,103991224,103994386,103994603,103995807,103998728,104004335,104005405,104006554,104006709,104006845,104007204,104008466,104014841,104016088,104018192,104022330,104024680,104025776,104026136,104026939,104031263,104032087,104034069,104035056,104040334,104042187,104049680,104052667,	TDRD9
ENST00000620473.4	chr14	24171852,24172466,24172712,24172898,24173125,24173290,24175542,24176821,24177140,24177352,24177464,24177708,24178090,24178605,24178776,24179084,24179396,24179594,24179799,24180009,	24172365,24172608,24172781,24173041,24173198,24173411,24175624,24176901,24177222,24177383,24177541,24177758,24178222,24178672,24178916,24179133,24179463,24179726,24179906,24180257,	REC8
ENST00000254193.10	chr15	101281509,101284966,101285725,101286213,101286907,101287655,101291961,101293024,101295096,	101281782,101285060,101285801,101286293,101287010,101287702,101292040,101293172,101295251,	SNRPA1
ENST00000268231.12	chr16	4777668,4778085,4779689,4783461,4783648,4783930,4785806,4785979,4787479,4788279,	4777998,4778137,4779786,4783557,4783766,4784068,4785888,4786105,4787667,4788521,	SEPT12
ENST00000397344.7	chr16	1833987,1839254,1841819,1844861,1853038,1853218,1854099,1857734,1860402,1861984,1865777,1868106,1871992,	1834366,1839438,1841973,1844963,1853134,1853271,1854200,1857930,1860475,1862116,1865835,1868184,1872178,	MEIOB
ENST00000007699.9	chr17	7288251,7288748,7289529,7289967,7290250,7291092,7292025,7293474,7294229,	7288643,7288838,7289725,7290071,7290535,7291182,7292059,7293538,7294564,	YBX2
ENST00000293303.4	chr17	41837779,41841822,41845125,41847260,41847932,	41838126,41842312,41845743,41847410,41848384,	KLHL10
ENST00000389934.7	chr17	58556677,58557798,58559452,58561519,58564868,58565746,58569191,58570384,58571920,58573180,58574186,58577374,58579664,58581610,58584499,58585800,58587580,58587895,58593554,58598875,58601805,58602399,58604977,58611160,58613420,58615231,58616174,58617537,58621649,58622846,58630439,58651865,58691938,	58557047,58557850,58559562,58561612,58564968,58565824,58569260,58570484,58572126,58573308,58574249,58577456,58579731,58581730,58584600,58586082,58587666,58588021,58593661,58599666,58601956,58602590,58605129,58611339,58613544,58615345,58616305,58617619,58621786,58623012,58630554,58652002,58692055,	TEX14
ENST00000393066.7	chr17	58982650,58999380,59001597,59012327,59015609,59017295,59028414,59031895,59041812,59047682,59049177,59051213,59056874,59061031,59062566,59064354,59070822,59075646,59079753,59081096,59084001,59088290,59091299,59104292,59106440,	58982921,58999459,59001714,59012446,59015799,59017424,59028723,59032090,59041898,59047819,59049393,59051328,59057054,59061108,59062648,59064405,59070947,59075714,59079877,59081219,59084089,59088407,59091340,59104394,59106921,	TRIM37
ENST00000393795.7	chr17	42572314,42573106,42573310,42573477,42574098,42577212,42577460,42577652,	42573024,42573166,42573364,42573623,42574210,42577302,42577561,42577795,	PSMC3IP
ENST00000592813.5	chr17	4740041,4740518,4741581,4741914,4742330,4743302,4743766,4744189,4744368,4744624,4744869,4745214,4745818,	4740050,4741140,4741816,4742070,4742491,4743455,4743847,4744278,4744467,4744778,4744928,4745375,4746113,	ZMYND15
ENST00000269142.9	chr18	26225935,26265169,26267515,26274662,26274930,26281970,26285881,26292245,26293425,26315228,26321069,26327014,26335174,26357689,26389844,	26227276,26265315,26267623,26274824,26275053,26282060,26286499,26292381,26293531,26315398,26321200,26327140,26335231,26357794,26391685,	TAF4B
ENST00000293695.7	chr19	12898785,12900003,12900459,12904491,12918221,12919242,	12899385,12900120,12900648,12904666,12918337,12919276,	SYCE2
ENST00000339133.5	chr19	13877246,13880441,	13877765,13880503,	NANOS3
ENST00000341294.3	chr19	45913213,	45914870,	NANOS2
ENST00000429154.6	chr19	44002947,44007010,44008789,44009083,44010268,	44003107,44007093,44008916,44009170,44013926,	ZNF230
ENST00000447857.7	chr19	49388217,49390788,49394475,49395105,49395768,49397650,49397981,49399024,49399456,49406885,49407239,49407611,49408966,49409195,49409752,49412967,49414950,49417014,49417158,49417368,	49388327,49390926,49394580,49395292,49395833,49397717,49398143,49399142,49399507,49406963,49407296,49407671,49409031,49409283,49409875,49413026,49414996,49417079,49417266,49417994,	CCDC155
ENST00000585580.3	chr19	19514218,	19515685,	TSSK6
ENST00000343380.5	chr20	33675682,33677104,33677425,33678200,33679754,33680325,33686003,	33676979,33677330,33677540,33678353,33679974,33680416,33686404,	E2F1
ENST00000357552.7	chr20	59863562,59865387,59865572,59865806,59866292,59866494,59867710,59868412,59868834,59869797,59873855,59875270,59877384,59878007,59880302,59880965,59881436,59881944,59882094,59885927,59886706,59891989,59892567,59893141,59893523,59895436,59896428,59900137,59900743,59901661,59907363,59911749,59912372,59913974,59914108,59915164,59915464,59916485,59919157,59919492,59920358,59921309,59922389,59932061,59933568,	59864388,59865444,59865651,59865865,59866392,59866589,59867847,59868568,59868925,59869983,59874061,59875469,59877555,59878045,59880471,59881023,59881492,59882002,59882165,59885964,59886834,59892426,59892701,59893199,59893593,59895597,59896528,59900284,59900818,59901810,59907424,59911845,59912418,59914027,59914251,59915199,59915550,59916571,59919182,59919597,59920487,59921453,59922459,59932154,59933655,	SYCP2
ENST00000371263.7	chr20	57329758,57331832,57333187,57333686,57333986,57334749,57335418,57335797,57338275,57338988,57340101,57342728,57343340,	57329998,57331946,57333276,57333753,57334095,57334836,57335455,57335907,57338375,57339026,57340178,57342840,57343994,	SPO11
ENST00000376652.8	chr20	25195719,25206521,25207075,25209848,25213262,25214866,25215675,25216647,25217501,25218549,25221231,25222837,25224100,25225204,25225498,	25195867,25206590,25207397,25209925,25213406,25214942,25215711,25216736,25217581,25218614,25221333,25222978,25224157,25225317,25226729,	ENTPD6
ENST00000610722.4	chr20	5950651,5952010,5952423,5954607,5955101,5957125,5958527,5963273,5967435,5967829,5972006,5973055,5977875,5982969,5984780,5985921,5987281,5993505,5994298,	5951023,5952163,5952528,5954690,5955251,5957229,5958726,5963359,5967587,5968025,5972037,5973196,5978017,5983165,5985000,5986131,5987358,5993695,5998977,	MCM8
ENST00000270172.7	chr21	44246338,44249025,44250809,44251622,44254616,44256066,44258522,44259436,44259631,44260794,44261153,44261739,	44246565,44249111,44250949,44251698,44254705,44256154,44258694,44259549,44259711,44260839,44261266,44262216,	DNMT3L
ENST00000216024.6	chr22	38518948,38521607,38537591,38538294,38538538,38539320,38549924,38552665,38555356,38562286,38566589,38567582,38568205,38570042,	38520089,38521724,38537652,38538409,38538612,38539412,38549997,38552707,38555409,38562369,38566736,38567627,38568289,38570286,	DMC1
ENST00000357450.8	chr22	45344062,45345458,45349727,45352450,45353977,45354958,45358696,45359804,45361838,45362884,45369953,45371470,45372154,45383466,45386866,45389711,45393633,45394684,45396345,45399094,45402332,45406459,45406752,45408709,45413458,	45344657,45345569,45349797,45352602,45354132,45355115,45358795,45359958,45361984,45363026,45370060,45371587,45372292,45383613,45387046,45389897,45393841,45394767,45396486,45399353,45402571,45406663,45406865,45408898,45413567,	SMC1B
ENST00000401548.7	chr22	41699498,41703330,41705503,41714001,41716040,41718070,41723942,41729664,41730520,41732244,41732468,41743079,41744972,41745884,41748106,41752590,41753948,41758364,41763173,41770685,41776101,41778707,41781283,41781684,41784338,41784607,41793828,41794370,41795410,41795734,41799253,	41699712,41703454,41705554,41714075,41716146,41718274,41724073,41729779,41730637,41732344,41732603,41743194,41745064,41746026,41748218,41752651,41754046,41758533,41763321,41770961,41776267,41778812,41781394,41781845,41784420,41784783,41793910,41794477,41795542,41795847,41799454,	MEI1
ENST00000405659.5	chr22	30356634,30361960,30365943,30369431,30370325,30371649,30372074,30373596,30373922,30375478,30376258,30376432,	30357132,30362114,30366248,30369603,30370950,30371727,30372286,30373764,30374091,30375663,30376347,30376829,	CCDC157
ENST00000406915.3	chr22	50551111,50556296,50562857,	50551402,50556405,50562905,	SYCE3
